p1 =[
    785.7500  755.7500
  686.7500  745.2500
  773.7500  719.7500
  866.7500  727.2500];

shape = [1080,1920];