p1 =[
  615.4934  510.9636
  547.6788  504.1821
  599.3874  487.2285
  662.1159  492.3146];

shape = [720,1280];