
%% pts are taken as: camera_fissa camera_mobile tavolo_grande tavolo_pc


p1 = [
  372.0000  540.0000
  294.0000  529.0000
  376.0000  508.0000
  449.0000  514.0000
];


shape=[720,1280];