
%% pts are taken as: camera_fissa camera_mobile tavolo_grande tavolo_pc


p1 =[
      496.0000  495.0000
  431.0000  488.0000
  487.0000  473.0000
  547.0000  479.0000
];

shape=[720,1280];