
%% pts are taken as: camera_fissa camera_mobile tavolo_grande tavolo_pc

p1 =[
    451.0000  504.0000
  383.0000  495.0000
  453.0000  478.0000
  516.0000  486.0000];


shape=[720,1280];
